Init: 0.00002081
Process: 394.88045824
