Init: 0.00001938
Process: 303.22046581
