Init: 0.00001949
Process: 134.33369376
