Init: 0.00001532
Process: 18.55166881
