Init: 0.00001526
Process: 306.71242560
