Init: 0.00001922
Process: 384.59221624
