Init: 0.00001681
Process: 135.23019216
