Init: 0.00001708
Process: 18.67609324
