Init: 0.00001421
Process: 18.86058658
