Init: 0.00001573
Process: 295.33829336
