Init: 0.00001786
Process: 393.08710299
