Init: 0.00001987
Process: 136.04980403
