Init: 0.00001747
Process: 383.56763879
