Init: 0.00001684
Process: 305.15943910
