Init: 0.00001710
Process: 135.73109339
