Init: 0.00001888
Process: 18.43209050
