Init: 0.00001712
Process: 132.44448310
