Init: 0.00001684
Process: 18.91105457
