Init: 0.00001946
Process: 295.23568632
