Init: 0.00001737
Process: 394.84163218
