Init: 5.01407140
Process: 374.63094497
