Init: 4.34742989
Process: 374.75972031
