Init: 1.41176518
Process: 131.06860873
