Init: 1.28672201
Process: 132.28713658
