Init: 4.49738573
Process: 367.15935059
