Init: 0.34045379
Process: 19.30915095
