Init: 4.97067628
Process: 296.39266640
