Init: 4.49532132
Process: 296.55805989
