Init: 1.96199248
Process: 127.65713001
