Init: 3.43999279
Process: 363.60739610
