Init: 0.39046379
Process: 19.26294280
