Init: 3.02858254
Process: 287.69654485
