Init: 1.99502216
Process: 131.17454716
