Init: 0.88654651
Process: 19.07023859
