Init: 0.19180338
Process: 18.85434180
