Init: 2.76187973
Process: 289.99801346
