Init: 0.19179826
Process: 18.91877748
