Init: 3.52861287
Process: 293.45517875
