Init: 2.22850374
Process: 127.64003283
