Init: 4.52029158
Process: 374.97171867
