Init: 0.00001704
Process: 44.01972143
