Init: 0.00001626
Process: 45.48904599
