Init: 0.00001684
Process: 44.46530367
