Init: 0.00001743
Process: 43.83307515
