Init: 0.00001733
Process: 45.98433779
