Init: 0.00001647
Process: 44.83079039
