Init: 0.00001610
Process: 45.80348929
