Init: 0.00001922
Process: 45.35695287
