Init: 0.00001760
Process: 43.89062859
