Init: 0.00001753
Process: 43.80497957
