Init: 0.00001431
Process: 45.47166937
