Init: 0.00001658
Process: 45.27743856
