Init: 0.00001697
Process: 45.74346993
