Init: 0.00001945
Process: 44.03018262
