Init: 1.37169691
Process: 46.31729838
