Init: 1.19657231
Process: 45.82512820
