Init: 0.42261887
Process: 47.17004216
