Init: 0.42181484
Process: 47.11089881
