Init: 1.29661484
Process: 47.13452239
