Init: 0.57989664
Process: 46.45517280
