Init: 0.74656185
Process: 47.08414467
