Init: 1.37189046
Process: 47.07788410
