Init: 1.28822585
Process: 47.10263201
