Init: 1.03820938
Process: 45.93380583
