Init: 0.83841902
Process: 46.26555441
