Init: 0.82990742
Process: 45.98283099
