Init: 1.15490702
Process: 47.07895388
