Init: 0.99661934
Process: 47.14281008
