Init: 0.46350338
Process: 47.12250808
